10 10
21
0 0.005 0.005 0.005 0.005 0.005 0.005 0.005 0.005 0.005 0.005 0.005 0.005 0.005 0.005 0.005 0.005 0.005 0.005 0.005 0.005
0.8677618 0.7913093 0.7569711 0.8188852 0.8582371 0.4389221 0.8437175 0.573693 0.7456961 0.8013015 
0.7351633 0.715038 0.7447888 0.7566379 0.7481257 0.5941955 0.7841452 0.6231484 0.7064034 0.8141774 
0.7983091 0.7759576 0.7071063 0.679158 0.7838061 0.5335522 0.7325185 0.4755565 0.6313559 0.6728315 
0.7323804 0.7603529 0.7857429 0.6274971 0.5988824 0.5548998 0.7093969 0.4577448 0.8336897 0.7959769 
0.766118 0.7759955 0.7975584 0.6869531 0.7475845 0.588571 0.7699456 0.524886 0.6570513 0.6370971 
0.7558601 0.765703 0.8052325 0.8215807 0.9310764 0.585007 0.5919213 0.4977006 0.6979248 0.6861426 
0.7469519 0.8011592 0.8128259 0.7158792 0.7163615 0.5894089 0.7773753 0.4747595 0.7298726 0.7509801 
0.7012718 0.7348727 0.7663532 0.6993963 0.7465092 0.716243 0.8022271 0.5146861 0.7977112 0.6456035 
0.7593048 0.788051 0.796786 0.7686137 0.7563247 0.5690918 0.7338504 0.4664067 0.6207491 0.8593356 
0.7353073 0.8461795 0.7894629 0.7262375 0.7036715 0.527904 0.7143775 0.4436543 0.7241704 0.7312925 
0.7561406 0.7824921 0.875432 0.7584222 0.7068968 0.6069127 0.832247 0.4348582 0.8576788 0.8014899 
0.7287416 0.8133715 0.6819294 0.6715957 0.662817 0.4920963 0.7731063 0.5697641 0.6398136 0.724875 
0.794807 0.758237 0.7679218 0.8332248 0.691322 0.4405959 0.7409707 0.5258683 0.7358991 0.6953824 
0.7977033 0.664911 0.6777268 0.7248071 0.6843656 0.5893744 0.7830624 0.4624883 0.7570106 0.8117142 
0.8520348 0.7264072 0.6417112 0.7818787 0.7585495 0.4913544 0.9017316 0.4947156 0.6680829 0.672123 
0.7995382 0.7766799 0.8971437 0.7171438 0.7007617 0.5662474 0.7391621 0.4683981 0.7040645 0.6435218 
0.7097775 0.7939743 0.7813243 0.6857894 0.7843427 0.4398095 0.7458462 0.5186708 0.7677475 0.7647348 
0.6809257 0.8117492 0.6790325 0.692448 0.714761 0.4822033 0.7975463 0.5023156 0.8010363 0.832479 
0.7434349 0.7033399 0.720454 0.8063322 0.7756786 0.6045491 0.7173007 0.5307709 0.7526098 0.7124714 
0.6782121 0.7974517 0.8288779 0.7949776 0.7854747 0.537192 0.7757865 0.518403 0.6517378 0.8933477 
0.6360206 0.7917526 0.7944371 0.7325502 0.6702758 0.6044765 0.7866223 0.5256455 0.8364195 0.77305 
21
0 0.005 0.005 0.005 0.005 0.005 0.005 0.005 0.005 0.005 0.005 0.005 0.005 0.005 0.005 0.005 0.005 0.005 0.005 0.005 0.005
0.7423022 0.8386328 0.8092633 0.688757 0.5772077 0.5919442 0.763605 0.5725178 0.7103358 0.767189 
0.7993568 0.7540374 0.7637229 0.7860611 0.6866139 0.5402403 0.6673353 0.5061299 0.6650529 0.6941054 
0.7592042 0.7289348 0.6572512 0.7462482 0.6624389 0.5802775 0.7352601 0.5879013 0.8746101 0.8167802 
0.705266 0.6777702 0.8231006 0.8866979 0.6002905 0.5254895 0.6399446 0.5522996 0.7515363 0.8291116 
0.665971 0.7331194 0.6839412 0.7300455 0.6547213 0.5272161 0.7917478 0.7562951 0.8021257 0.7482741 
0.6479821 0.7855263 0.7580971 0.7806365 0.6576558 0.6530936 0.8514044 0.5597003 0.8005281 0.7649646 
0.6150337 0.867184 0.7194829 0.77964 0.6205859 0.505525 0.6026617 0.7272638 0.7540206 0.7096099 
0.7266044 0.7713435 0.7139584 0.6741293 0.6950652 0.5330473 0.7556702 0.6347892 0.7311033 0.7583937 
0.7046783 0.8155874 0.6483522 0.7052006 0.6180939 0.4734451 0.7232332 0.7536282 0.7480787 0.7612561 
0.7832154 0.6414589 0.8354029 0.6587275 0.7430763 0.5419116 0.7005214 0.6609246 0.804818 0.721801 
0.6731173 0.8404164 0.7536708 0.707673 0.7837018 0.5299027 0.7618073 0.60786 0.7505152 0.7619332 
0.7560317 0.7985139 0.6814168 0.742783 0.8432109 0.589461 0.6688683 0.6979214 0.7279464 0.692539 
0.7170373 0.6698649 0.8146452 0.7101964 0.6915725 0.617183 0.6526256 0.6403415 0.7170324 0.7354941 
0.7553338 0.7986264 0.8021787 0.7596474 0.7485711 0.5558643 0.782417 0.5965329 0.722963 0.6177271 
0.7789333 0.7421495 0.876648 0.6630954 0.7867075 0.5444558 0.758073 0.5963498 0.7728451 0.7864472 
0.6807751 0.8818349 0.6612658 0.7285803 0.7145497 0.4744097 0.7403669 0.7050958 0.7581484 0.9464594 
0.7568604 0.7680842 0.6782308 0.7825625 0.7968446 0.5430372 0.7295196 0.6048836 0.7481651 0.6849878 
0.7195442 0.7016559 0.7869167 0.7466846 0.6624462 0.5358348 0.8181745 0.5398483 0.6475201 0.9324098 
0.7401715 0.7361154 0.703139 0.6405941 0.6917856 0.6281541 0.7035516 0.546793 0.6574868 0.6613986 
0.7923685 0.778795 0.8646132 0.7388338 0.6321311 0.4760901 0.7291505 0.6617115 0.820785 0.8224043 
0.6767045 0.827895 0.7632322 0.8241956 0.6398717 0.5269008 0.7616322 0.6023823 0.6871142 0.9192491 
21
0 0.005 0.005 0.005 0.005 0.005 0.005 0.005 0.005 0.005 0.005 0.005 0.005 0.005 0.005 0.005 0.005 0.005 0.005 0.005 0.005
0.6486478 0.8379828 0.8698221 0.7052037 0.7027913 0.4549987 0.8047552 0.4858456 0.7617951 0.781829 
0.7239494 0.6929496 0.7305189 0.796451 0.7647008 0.4717198 0.8566463 0.3823363 0.8291432 0.6567905 
0.7615961 0.7853272 0.7931672 0.8521467 0.7316563 0.6001458 0.9991454 0.5486549 0.68308 0.7715313 
0.7048987 0.6962262 0.7169748 0.8167789 0.6831738 0.7137289 0.7966048 0.5955402 0.6805697 0.7607172 
0.7177558 0.6929981 0.6420074 0.6143812 0.7942772 0.630054 0.7893959 0.5261371 0.641041 0.7229887 
0.8275057 0.7048668 0.6545631 0.8537395 0.761654 0.6567648 0.7176403 0.6173743 0.54891 0.8081962 
0.8177286 0.6773978 0.7280198 0.7775129 0.8035055 0.7097925 0.7537695 0.6131846 0.5617157 0.7798302 
0.6977177 0.6544716 0.762062 0.6784725 0.7319657 0.6660351 0.8247455 0.7425961 0.4932987 0.736766 
0.7814036 0.7002078 0.6502418 0.7315145 0.7976368 0.6989606 0.7362788 0.7067517 0.518416 0.7278864 
0.794502 0.6761835 0.6779573 0.9447829 0.8284816 0.6699212 0.7431161 0.7862317 0.4681207 0.6478705 
0.6616675 0.5765899 0.6554986 0.7566041 0.8954783 0.6990767 0.7243014 0.6625605 0.5206483 0.6903526 
0.7469933 0.6079985 0.7036332 0.7265773 0.815685 0.6067322 0.7919973 0.5992141 0.5735353 0.8056874 
0.7600498 0.7560863 0.6615931 0.8392352 0.7108827 0.6359658 0.7261004 0.5934951 0.5359587 0.7661771 
0.7103911 0.7494603 0.6601249 0.8643942 0.7475376 0.6588786 0.7015557 0.5637236 0.534065 0.8055926 
0.8211171 0.7195677 0.7045684 0.6361171 0.6920464 0.6339105 0.7495423 0.5659447 0.6504219 0.9395909 
0.7241534 0.8284437 0.6950773 0.7601328 0.8198861 0.5410307 0.708998 0.5836508 0.6298292 0.6645732 
0.7030152 0.7544156 0.8231136 0.79032 0.6394427 0.635587 0.7563905 0.4927693 0.7406708 0.8788096 
0.7599228 0.6818392 0.6735338 0.6897907 0.7176446 0.6788145 0.7872223 0.6253441 0.6740546 0.7600255 
0.7432761 0.7326558 0.6211434 0.7700671 0.8031397 0.611658 0.8350409 0.6219372 0.7030527 0.7245275 
0.7417155 0.6091931 0.696459 0.6649436 0.6715592 0.6311034 0.7952435 0.6134828 0.6069297 0.7647094 
0.7949778 0.6029799 0.9100154 0.7893465 0.6344186 0.4880946 0.6978104 0.5715479 0.6565752 0.7214335 
21
0 0.005 0.005 0.005 0.005 0.005 0.005 0.005 0.005 0.005 0.005 0.005 0.005 0.005 0.005 0.005 0.005 0.005 0.005 0.005 0.005
0.9664021 0.6492123 0.7866651 0.7080087 0.6779059 0.4861184 0.6815141 0.4819738 0.7966477 0.901148 
0.8280281 0.7371631 0.692215 0.7312004 0.6777046 0.5142972 0.7558886 0.5924154 0.7617293 0.7763026 
0.7956585 0.8366991 0.7234031 0.7834233 0.6963431 0.4580181 0.7876176 0.5183667 0.781589 0.7871168 
0.7769512 0.7279663 0.6974181 0.7224857 0.7523946 0.5740265 0.8077173 0.5213207 0.7676319 0.7921812 
0.6457542 0.8028974 0.6919073 0.6927358 0.6665539 0.5602351 0.8169839 0.4447898 0.7578142 0.8449155 
0.6977183 0.6917984 0.7764725 0.7493702 0.8174439 0.4716092 0.7848363 0.4864422 0.5699686 0.7681896 
0.7031346 0.8318988 0.7571986 0.8887159 0.6793404 0.5883197 0.8138323 0.6893189 0.6804463 0.6602227 
0.7664449 0.7189255 0.7727059 0.7952412 0.6937114 0.4640243 0.8698791 0.566574 0.674911 0.7141507 
0.7301315 0.7454953 0.7529825 0.8248537 0.8308466 0.5357834 0.7230114 0.4911723 0.7919291 0.6809073 
0.7306899 0.6968821 0.7343855 0.7295435 0.8100986 0.506058 0.7771602 0.5413911 0.6239152 0.8889431 
0.7923185 0.7326169 0.7631337 0.778044 0.8014003 0.5345758 0.7403268 0.5123931 0.687422 0.8034272 
0.7054598 0.7126673 0.7406733 0.841175 0.7020853 0.4693986 0.70153 0.4607594 0.674326 0.7974654 
0.7477014 0.6588564 0.7443352 0.6985229 0.851869 0.3908021 0.6302021 0.4867673 0.5858513 0.6905303 
0.7524306 0.6481221 0.663338 0.8605204 0.729508 0.5117957 0.7184553 0.489107 0.6470951 0.8589811 
0.730829 0.6772661 0.6492362 0.768404 0.6113957 0.5303079 0.7344186 0.586865 0.6046353 0.6838435 
0.7138548 0.8181365 0.6697063 0.8419479 0.6797922 0.6012733 0.8011914 0.4112404 0.6105033 0.750275 
0.7874816 0.7668745 0.6597939 0.7183059 0.751802 0.4523375 0.6830028 0.5283724 0.6304931 0.7644723 
0.7402761 0.7160585 0.7465996 0.7377853 0.7484069 0.5884183 0.7373369 0.4266775 0.6415992 0.7062827 
0.6310739 0.8792238 0.7524948 0.6991732 0.8011525 0.4872209 0.814176 0.4864771 0.6433176 0.7174711 
0.6380632 0.6645863 0.665678 0.6525593 0.8029479 0.4200315 0.7505334 0.5549053 0.7496678 0.8719319 
0.8323087 0.7026216 0.8565128 0.8247922 0.8792305 0.5623789 0.8089991 0.5341652 0.7052719 0.9002926 
21
0 0.005 0.005 0.005 0.005 0.005 0.005 0.005 0.005 0.005 0.005 0.005 0.005 0.005 0.005 0.005 0.005 0.005 0.005 0.005 0.005
0.7612348 0.7125685 0.8212458 0.8032241 0.7588091 0.5270687 0.6835552 0.5473424 0.7636177 0.9314218 
0.7003239 0.7841181 0.7694412 0.7459472 0.6890291 0.5116809 0.7287681 0.5374624 0.7206449 0.6855326 
0.7158372 0.8001169 0.7518771 0.7209517 0.5884544 0.4951277 0.896745 0.4811129 0.7315668 0.7049242 
0.7287953 0.8042271 0.8203919 0.7545818 0.6659153 0.4881724 0.7215925 0.5301553 0.7043928 0.7745093 
0.7013191 0.7907795 0.7431623 0.6860147 0.6386528 0.6149502 0.7079797 0.4053417 0.5924882 0.7940652 
0.6660573 0.6907989 0.8959196 0.6759199 0.7257656 0.4877774 0.6879567 0.6149901 0.7282414 0.7072941 
0.7035459 0.816334 0.69856 0.771808 0.705137 0.5989935 0.7491634 0.4779386 0.8608438 0.7109875 
0.8415672 0.8145391 0.7033642 0.9455021 0.7526856 0.5220727 0.9350602 0.5221705 0.6783668 0.7688717 
0.7951474 0.835962 0.7946487 0.8153414 0.8371042 0.5533064 0.7814179 0.5155848 0.7397549 0.8171688 
0.8966479 0.8163869 0.8212118 0.6433242 0.6456246 0.5151726 0.8740707 0.5467047 0.743367 0.7796664 
0.8163609 0.7957324 0.8376874 0.7343025 0.7408479 0.5557112 0.8610024 0.5498805 0.7126746 0.8338562 
0.7698667 0.7260856 0.7866478 0.7306455 0.6865535 0.4905738 0.8140618 0.523659 0.7821465 0.8533489 
0.7496717 0.7937216 0.7680966 0.7055788 0.7943339 0.4715375 0.8048055 0.5226504 0.6413812 0.7121487 
0.6396813 0.8166752 0.7072085 0.8220223 0.8186914 0.6103233 0.8080347 0.4335201 0.7751897 0.6743142 
0.8365484 0.7672552 0.7598297 0.7410002 0.7004394 0.4798682 0.809627 0.5150453 0.8954494 0.7402382 
0.8202459 0.7191912 0.7970842 0.802268 0.6235222 0.5306614 0.6963835 0.4898573 0.750035 0.7545309 
0.8054964 0.7454325 0.7606228 0.7320082 0.7127056 0.5372047 0.8225056 0.5251256 0.837853 0.6947395 
0.6576398 0.8605467 0.6712578 0.7432387 0.7674619 0.5676108 0.8068886 0.4337249 0.6874855 0.8714872 
0.683224 0.6996064 0.7711986 0.728445 0.6089304 0.5772352 0.780349 0.5066825 0.8116116 0.746938 
0.7945824 0.9221855 0.7669715 0.7490575 0.7868345 0.597846 0.6823098 0.5666298 0.6904351 0.7497894 
0.7727458 0.6981648 0.8742815 0.7376463 0.7104209 0.5566688 0.6943344 0.5564441 0.6657692 0.7380499 
21
0 0.005 0.005 0.005 0.005 0.005 0.005 0.005 0.005 0.005 0.005 0.005 0.005 0.005 0.005 0.005 0.005 0.005 0.005 0.005 0.005
0.6632738 0.697204 0.6841256 0.8525578 0.6203527 0.7155732 0.808361 0.5099284 0.8279997 0.7468901 
0.6868961 0.6092212 0.7742917 0.7131202 0.6709917 0.5814326 0.6876707 0.4688475 0.7150057 0.672401 
0.580451 0.8010985 0.8166823 0.7892278 0.6953728 0.6587107 0.7212171 0.4856034 0.7581136 0.7336528 
0.7646483 0.7437478 0.7027871 0.6215059 0.7089041 0.4752413 0.6886346 0.5563642 0.8152391 0.8473763 
0.7497722 0.8498566 0.7696866 0.6608623 0.6145848 0.6034043 0.8092311 0.4977944 0.6411016 0.8626606 
0.7198817 0.7042876 0.7437384 0.6624642 0.7328553 0.5002545 0.7180885 0.5889013 0.6802896 0.7792778 
0.8000835 0.728442 0.7199625 0.6966583 0.7239121 0.5606059 0.6804886 0.5211317 0.7421579 0.6736693 
0.7867126 1.0 0.6481665 0.7312322 0.8212134 0.5613115 0.7909494 0.454656 0.7310536 0.7148401 
0.7764024 0.7871391 0.7553192 0.6348612 0.6780991 0.4522001 0.6329801 0.598247 0.6876298 0.7631749 
0.69571 0.7172497 0.7108535 0.6765384 0.7216473 0.4803082 0.690478 0.5317433 0.6159168 0.7801906 
0.6278047 0.7386803 0.9351615 0.8966952 0.7217159 0.4760112 0.6954459 0.4223706 0.6173935 0.7025865 
0.7724865 0.8399646 0.8009611 0.7030311 0.6878126 0.5326522 0.7068168 0.4504371 0.637742 0.7334123 
0.7027468 0.8722051 0.8371299 0.6632372 0.7893747 0.5180928 0.7946644 0.4823618 0.660539 0.7182224 
0.7426387 0.6436315 0.7783729 0.7647562 0.790557 0.5369601 0.6989045 0.4974579 0.6290656 0.8012885 
0.6540852 0.6928058 0.7363397 0.7087313 0.7416188 0.501993 0.7844298 0.5316414 0.6028614 0.6520931 
0.760714 0.7755885 0.6987037 0.7025764 0.9036857 0.5046612 0.6895323 0.468226 0.6699132 0.6380912 
0.7037556 0.7585461 0.7148236 0.679817 0.7335312 0.4987294 0.6805001 0.4549695 0.7051783 0.6810009 
0.8019183 0.779883 0.830901 0.7709493 0.7830265 0.5948388 0.7001802 0.447307 0.5376737 0.6539571 
0.708076 0.764206 0.7340578 0.7964842 0.7865736 0.4901399 0.8520607 0.5722131 0.6969258 0.6744802 
0.7805947 0.7460546 0.7016965 0.7991984 0.6939287 0.5057898 0.7491983 0.5823635 0.627596 0.7026661 
0.6489238 0.6669768 0.7044829 0.7577922 0.6336825 0.4959896 0.8322573 0.5204284 0.7216206 0.7417528 
21
0 0.005 0.005 0.005 0.005 0.005 0.005 0.005 0.005 0.005 0.005 0.005 0.005 0.005 0.005 0.005 0.005 0.005 0.005 0.005 0.005
0.5782656 0.7288992 0.7667835 0.7727866 0.7492889 0.4914801 0.7310009 0.4378277 0.733834 0.8002088 
0.7936045 0.7088339 0.7446039 0.7882301 0.7423898 0.4814617 0.7195799 0.5365374 0.8942956 0.7293251 
0.7845015 0.6522889 0.8073941 0.7100949 0.6807648 0.5316429 0.8944285 0.4290336 0.7458549 0.648991 
0.692927 0.7052158 0.6722466 0.7208423 0.6476409 0.5497193 0.8140063 0.4885884 0.8136569 0.8215614 
0.8311999 0.6932884 0.7348902 0.7399916 0.842728 0.7017838 0.7432143 0.535464 0.7039342 0.6460263 
0.7721466 0.5993367 0.7346245 0.6979345 0.7672637 0.5613517 0.852158 0.4996974 0.7503377 0.72891 
0.7801405 0.6625139 0.8192864 0.6250687 0.8194891 0.5129342 0.7258512 0.5039552 0.7188574 0.7446619 
0.6395795 0.5731131 0.7411133 0.8271633 0.6064132 0.5608016 0.854131 0.5204561 0.8339462 0.8452386 
0.7698751 0.5344894 0.8010745 0.6774675 0.6464062 0.5835835 0.7629063 0.6062643 0.7207634 0.7237063 
0.6652923 0.6198015 0.8154205 0.7623749 0.7120385 0.5936729 0.7584283 0.478589 0.8284064 0.6986998 
0.6653144 0.6194975 0.6252456 0.8163498 0.7299565 0.5072643 0.7143732 0.5232116 0.6448249 0.7473576 
0.7130167 0.5568925 0.9562557 0.7779357 0.6925936 0.5171076 0.6616209 0.4828488 0.7295454 0.784202 
0.6861786 0.6182606 0.7840727 0.7794502 0.6825763 0.5356893 0.6936258 0.439718 0.691335 0.6625525 
0.7301109 0.6701496 0.7435709 0.9361248 0.6751015 0.4893437 0.7116685 0.5131141 0.850794 0.7098512 
0.769443 0.6532174 0.6441028 0.7254288 0.7368967 0.4599588 0.6011216 0.5003933 0.8678848 0.735417 
0.9090793 0.7272836 0.6909639 0.6441467 0.6567996 0.533588 0.8904195 0.4226469 0.7681475 0.7805945 
0.8378443 0.6251691 0.6918775 0.7229859 0.6775942 0.5015019 0.7821594 0.5403627 0.7787041 0.6644158 
0.7363647 0.7001247 0.7264444 0.9042823 0.6335991 0.534478 0.7574949 0.5083149 0.8154431 0.6393231 
0.6995078 0.7296034 0.6960896 0.8205087 0.6988647 0.5428858 0.7791321 0.4736993 0.7113713 0.75466 
0.7417166 0.7722249 0.6069 0.8069841 0.8377365 0.5079423 0.81385 0.5363975 0.7589508 0.8698224 
0.7815319 0.7684947 0.6288648 0.8223482 0.7462448 0.5859367 0.8189821 0.4782626 0.6837824 0.6511564 
21
0 0.005 0.005 0.005 0.005 0.005 0.005 0.005 0.005 0.005 0.005 0.005 0.005 0.005 0.005 0.005 0.005 0.005 0.005 0.005 0.005
0.7121048 0.6568846 0.7927225 0.8201541 0.749012 0.4720553 0.7686545 0.4636743 0.7657015 0.6993456 
0.745006 0.6314508 0.6193659 0.7692417 0.6469383 0.4907825 0.7616937 0.476313 0.667713 0.7652411 
0.7089361 0.6821424 0.7976702 0.787902 0.7150164 0.6120573 0.7645969 0.4683514 0.6044967 0.7972288 
0.6885582 0.5151634 0.7949637 0.8262041 0.6855273 0.5001587 0.6992183 0.5233178 0.6068357 0.7373178 
0.784358 0.5490485 0.7138318 0.7692186 0.6668188 0.5946664 0.8360083 0.4383952 0.5181897 0.6939193 
0.6538638 0.4845427 0.7809339 0.6975555 0.7393214 0.514499 0.7890192 0.5118715 0.5247956 0.6367459 
0.6262766 0.4953356 0.7910551 0.683358 0.6907671 0.4552713 0.8265633 0.5485598 0.4311705 0.8187139 
0.6298922 0.4228188 0.7106845 0.7127888 0.613742 0.4339745 0.8138977 0.6147571 0.4361304 0.7346997 
0.763717 0.3503215 0.7372246 0.9494386 0.7538167 0.5119857 0.6669841 0.5507636 0.4140349 0.6488305 
0.7133152 0.33303 0.7349781 0.7037321 0.7075851 0.5697524 0.8613017 0.5340436 0.3801936 0.7727351 
0.7185149 0.3039116 0.7718551 0.772338 0.6527741 0.4691872 0.6557655 0.5335394 0.3320788 0.7394536 
0.6063504 0.4348136 0.7551076 0.7555609 0.7470098 0.4431006 0.8564979 0.4805468 0.3394771 0.731208 
0.7318365 0.4148066 0.7338328 0.7324912 0.7212508 0.4612565 0.7871034 0.4367341 0.3980566 0.7611013 
0.6407034 0.5091106 0.7716297 0.6481289 0.6689682 0.5289471 0.6970808 0.4418532 0.4873399 0.768771 
0.7269298 0.5146633 0.7323874 0.7874756 0.5834783 0.4922374 0.8296435 0.5407718 0.5253982 0.7528525 
0.7202436 0.5233932 0.7259834 0.7935682 0.739006 0.3975126 0.8258866 0.4058224 0.457876 0.7839763 
0.58729 0.5611893 0.727008 0.7359105 0.5915495 0.3957444 0.8158346 0.4794126 0.4804122 0.739753 
0.7596913 0.7117905 0.7529078 0.7742611 0.7035694 0.4293968 0.753663 0.4383509 0.533102 0.9153183 
0.6217274 0.6826991 0.8160338 0.8695696 0.7003982 0.4184648 0.8619411 0.433 0.5905597 0.7506312 
0.8047589 0.6326857 0.7397338 0.7565816 0.7003109 0.3784841 0.8274887 0.4188303 0.6903167 0.7010036 
0.7325502 0.5769878 0.7097904 0.7096614 0.6363471 0.432592 0.772078 0.6268392 0.5881606 0.6842868 
21
0 0.005 0.005 0.005 0.005 0.005 0.005 0.005 0.005 0.005 0.005 0.005 0.005 0.005 0.005 0.005 0.005 0.005 0.005 0.005 0.005
0.6851555 0.6775336 0.7786064 0.799339 0.7456734 0.5353361 0.8778945 0.5050125 0.8956941 0.8626141 
0.6894223 0.7188272 0.8658931 0.6708184 0.7778243 0.5917458 0.7119739 0.5187664 0.7599228 0.7307987 
0.5991131 0.7401863 0.6564952 0.7784181 0.8029782 0.5145024 0.6852389 0.4955081 0.7841195 0.8474909 
0.5705053 0.8630937 0.7759096 0.7048619 0.697926 0.4650967 0.7139371 0.4893597 0.7439877 0.7266877 
0.7165606 0.6791347 0.7804914 0.8479201 0.7709436 0.558276 0.8165246 0.4954956 0.7088405 0.6840535 
0.862613 0.6845315 0.8511178 0.7577819 0.7168784 0.5741121 0.8232352 0.5685953 0.7949672 0.6877033 
0.8283381 0.7303861 0.7800307 0.6826557 0.7080644 0.5060042 0.8535482 0.466053 0.7754903 0.6814093 
0.670923 0.8038786 0.7542626 0.7579998 0.7743225 0.6098073 0.7604472 0.5156481 0.6034154 0.7211564 
0.7546345 0.7320541 0.7964496 0.7943105 0.69313 0.5126207 0.7881393 0.513476 0.7845066 0.6900743 
0.6889672 0.8418128 0.6420042 0.797598 0.7911071 0.5626386 0.7173009 0.5363122 0.7968778 0.6665211 
0.6988551 0.7172706 0.6847184 0.7753036 0.7879108 0.5529287 0.6296623 0.6176091 0.8549748 0.6918799 
0.6515834 0.749079 0.7568517 0.6194333 0.7840298 0.5457318 0.7453723 0.5613229 0.6450571 0.6797631 
0.713978 0.6462492 0.7102011 0.638842 0.6901156 0.5274926 0.8615615 0.4926803 0.7467292 0.6793398 
0.6700225 0.8007223 0.7614455 0.8532382 0.7269521 0.463375 0.7394281 0.4766757 0.6031573 0.6879376 
0.6905333 0.7839728 0.7703982 0.7307208 0.679035 0.5307772 0.7706273 0.5321883 0.8067167 0.7083096 
0.7278994 0.8313844 0.8177732 0.730611 0.643463 0.5964046 0.8024387 0.442416 0.7627201 0.7616448 
0.7352408 0.7012081 0.6989951 0.7491127 0.7536022 0.6387686 0.8990694 0.4795968 0.7380454 0.7648727 
0.8364047 0.940449 0.865134 0.7728521 0.6837264 0.6036873 0.6854544 0.4713629 0.770304 0.7278558 
0.717102 0.7995061 0.7140839 0.7930249 0.7065466 0.5792355 0.7244182 0.4737669 0.7991228 0.8066052 
0.7621748 0.7061858 0.748849 0.670176 0.7630191 0.5689979 0.7160157 0.4752831 0.7312766 0.7890635 
0.7034225 0.795979 0.8088917 0.81406 0.7484837 0.6650896 0.7765194 0.5571711 0.7837144 0.7066147 
21
0 0.005 0.005 0.005 0.005 0.005 0.005 0.005 0.005 0.005 0.005 0.005 0.005 0.005 0.005 0.005 0.005 0.005 0.005 0.005 0.005
0.7575333 0.7540734 0.816604 0.747203 0.7237117 0.5310778 0.7246501 0.4436466 0.8292673 0.7224944 
0.8108861 0.7082118 0.9217837 0.8044222 0.6319767 0.5379422 0.7174654 0.4581072 0.7256501 0.6261008 
0.6394808 0.8402481 0.7377216 0.6667527 0.7867428 0.5609641 0.7133455 0.5229299 0.7064979 0.6675887 
0.8608838 0.693278 0.7888257 0.8539418 0.7709197 0.5915338 0.7498644 0.5555036 0.7578328 0.7438753 
0.640491 0.6875906 0.8364419 0.6686384 0.7261647 0.4448652 0.8476982 0.5655929 0.7476026 0.7007514 
0.6993921 0.7444647 0.8452731 0.7287934 0.5915754 0.5780173 0.8451095 0.5824716 0.8653806 0.9019993 
0.8078661 0.6934286 0.6600723 0.7279145 0.7211403 0.490247 0.6940807 0.5294191 0.7452071 0.7518392 
0.753318 0.6606156 0.7037135 0.7021909 0.6754404 0.5573084 0.8956289 0.5040444 0.7107784 0.782487 
0.9212227 0.6861876 0.7901254 0.8224093 0.776142 0.6721942 0.7309186 0.5033407 0.7724541 0.8023414 
0.7302749 0.8403847 0.7966817 0.8145402 0.6517118 0.4998674 0.6444763 0.5092966 0.7237832 0.8670346 
0.7510045 0.7249071 0.6754885 0.6840272 0.7191947 0.5369171 0.8215659 0.5309963 0.6660762 0.8273025 
0.7243931 0.6999357 0.695158 0.7651624 0.7394703 0.568454 0.7920291 0.4913095 0.8604635 0.7012225 
0.617798 0.8267619 0.7156456 0.7003425 0.8725657 0.5385828 0.739067 0.4487845 0.8050798 0.7771777 
0.6074619 0.8554623 0.745459 0.6600409 0.6575319 0.6604888 0.7955438 0.5634329 0.7017361 0.7794209 
0.833777 0.6865401 0.7371246 0.9000941 0.6819501 0.5995279 0.8292608 0.4610706 0.7078009 0.7200855 
0.7975391 0.7348176 0.6934999 0.876403 0.7904879 0.5505222 0.7161555 0.4864342 0.7450816 0.6946952 
0.7635751 0.7575723 0.7242432 0.7367988 0.8405439 0.5581919 0.6281513 0.6194607 0.7949782 0.6831807 
0.7317452 0.7112341 0.6954337 0.6201443 0.8684654 0.5097861 0.7390839 0.4656353 0.7357743 0.6422457 
0.7419225 0.733185 0.6962303 0.7812414 0.6446135 0.500609 0.624722 0.5526562 0.7320514 0.8504312 
0.6846903 0.7071747 0.7975184 0.7985525 0.7316968 0.5377932 0.7207097 0.4922767 0.6927476 0.7392996 
0.687357 0.7797232 0.6583645 0.7004313 0.7372668 0.5226183 0.7287694 0.526094 0.635706 0.7843354 